0.3380732088423781
0.228022794928658
0.1928366948907932
0.08558398798751013
0.06241246968355626
-0.003971555996320297
0.0349056778356396
0.06298879313026269
0.01283093147635424
-0.04986696569256483
0.0002652887691581144
0.02462488732742415
0.03372999604860775
0.05433371757458432
-0.2948898109398015
-0.100974585031789
0.09998900657088931
0.02452075679941694
-0.1142872537777435
-0.09387522785318314
0.04509964832819962
-0.112373634065365
0.1021060229964078
-0.05968249490551106
0.3451456741786776
-0.1462468905023222
0.02766035452582262
0.2031436752124259
-0.1537646146047597
0.02863654981237301
0.2004899972795696
0.08405906160855403
0.05855205839502123
0.07720819052746092
-0.07447001961609
-0.08904559324309455
-0.09217818717262725
-0.0969735531837109
0.142970043019097
0.251841371236772
0.05998820605338518
0.3736119363292352
-0.1030159835901047
0.1384361007383723
0.1198918564289311
0.02921145916316595
0.1555853851638078
0.02875057384911341
-0.1427005531157691
0.04462324825744556
